31 16 
186 167 
137 111 
314 64 
499 236 
191 191 
350 82 
10 259 
161 235 
276 138 
424 0 
161 234 
209 416 
282 211 
452 409 
418 391 
241 10 
140 203 
378 24 
494 269 
115 255 
470 274 
236 497 
360 401 
150 396 
247 203 
183 197 
433 85 
100 336 
163 86 
57 446 
324 311 
435 250 
179 182 
56 142 
295 42 
334 162 
440 315 
482 436 
28 55 
289 39 
3 272 
213 184 
437 458 
131 215 
495 227 
432 217 
8 303 
278 325 
248 113 
365 219 
80 335 
303 89 
338 322 
357 348 
134 8 
285 301 
408 385 
207 310 
319 79 
366 25 
126 488 
9 287 
265 241 
392 306 
236 108 
300 224 
39 397 
8 32 
0 6 
185 199 
211 158 
24 459 
325 238 
12 333 
222 415 
122 60 
428 76 
357 456 
225 372 
397 351 
481 376 
408 146 
189 349 
199 208 
76 226 
236 21 
283 267 
145 378 
319 488 
24 234 
194 307 
273 87 
481 275 
399 284 
478 485 
356 34 
121 472 
217 204 
176 216 
241 351 
97 125 
103 269 
456 149 
131 0 
221 450 
429 315 
411 406 
469 476 
24 109 
156 166 
473 433 
365 31 
222 92 
51 107 
325 363 
483 224 
149 462 
167 359 
18 227 
471 132 
16 194 
45 312 
189 157 
285 312 
487 429 
187 88 
9 198 
43 290 
234 242 
347 494 
373 234 
477 133 
88 150 
116 63 
28 384 
36 441 
402 495 
166 278 
423 497 
446 452 
355 260 
374 104 
370 169 
454 430 
430 417 
125 76 
45 469 
15 294 
41 122 
70 163 
342 338 
356 161 
71 455 
356 238 
469 29 
217 121 
20 81 
392 33 
245 446 
322 129 
140 284 
346 382 
216 42 
241 308 
129 26 
286 147 
203 387 
410 330 
477 184 
498 147 
24 356 
218 250 
244 337 
329 456 
38 174 
89 117 
251 250 
259 39 
264 398 
286 141 
340 171 
469 136 
242 326 
80 332 
168 323 
305 338 
455 15 
269 399 
231 141 
460 273 
261 53 
153 397 
81 420 
18 79 
0 399 
163 469 
20 119 
410 186 
145 73 
89 49 
133 485 
481 262 
283 226 
491 156 
212 347 
373 422 
99 149 
392 27 
430 198 
423 444 
343 488 
318 52 
220 387 
428 309 
326 329 
144 286 
276 407 
313 86 
367 496 
139 457 
402 439 
486 298 
462 310 
497 324 
371 365 
432 389 
284 98 
146 386 
360 96 
435 276 
130 70 
383 479 
162 268 
251 251 
46 279 
166 319 
165 270 
108 114 
303 436 
236 286 
18 229 
241 464 
23 377 
312 247 
477 131 
466 157 
391 395 
92 372 
362 312 
282 257 
164 107 
442 128 
245 434 
186 303 
223 67 
411 341 
162 77 
186 396 
216 475 
244 214 
145 308 
5 140 
282 205 
51 294 
148 389 
435 354 
444 266 
90 268 
344 303 
491 298 
19 336 
260 300 
327 120 
382 275 
7 287 
93 4 
417 385 
30 381 
274 285 
213 219 
217 366 
388 324 
214 193 
263 101 
79 11 
1 25 
79 38 
280 475 
339 331 
308 474 
103 450 
125 81 
359 394 
440 456 
398 205 
209 393 
387 50 
143 72 
259 270 
438 411 
115 348 
306 142 
482 214 
290 56 
248 159 
225 433 
374 166 
434 326 
55 432 
268 399 
334 497 
388 398 
145 65 
51 189 
184 482 
173 492 
285 98 
455 486 
309 406 
283 238 
168 494 
340 58 
482 231 
374 374 
