52 62 
60 62 
56 60 
59 67 
69 66 
53 53 
58 67 
68 55 
68 63 
66 67 
52 60 
51 62 
56 63 
62 61 
55 59 
65 65 
55 65 
62 60 
68 65 
64 58 
57 63 
63 69 
63 68 
55 52 
57 52 
68 66 
56 67 
54 59 
63 62 
62 58 
62 59 
52 63 
69 67 
62 55 
52 58 
64 61 
64 51 
64 60 
53 52 
62 67 
58 51 
55 64 
60 69 
52 68 
64 62 
69 52 
59 64 
57 56 
68 58 
66 64 
54 60 
57 54 
54 62 
64 57 
67 64 
54 61 
59 60 
52 66 
68 68 
68 51 
51 66 
57 60 
54 56 
68 60 
67 61 
64 53 
51 67 
51 57 
59 59 
59 65 
67 57 
61 56 
67 60 
67 69 
69 60 
52 53 
56 57 
66 53 
69 68 
57 69 
63 57 
65 63 
68 62 
54 66 
65 56 
66 55 
54 53 
59 55 
54 68 
57 64 
58 60 
56 61 
63 60 
67 55 
67 68 
60 66 
53 61 
56 53 
62 53 
65 58 
58 56 
53 67 
59 52 
63 67 
61 69 
61 65 
64 55 
61 68 
66 57 
53 54 
65 67 
55 67 
56 56 
54 55 
69 62 
60 54 
58 64 
62 56 
63 55 
67 56 
62 64 
69 51 
69 58 
55 54 
64 65 
59 57 
59 68 
56 54 
66 61 
59 56 
61 59 
52 57 
52 51 
52 64 
67 62 
62 66 
55 57 
57 55 
56 51 
57 61 
55 58 
61 55 
65 66 
56 68 
61 61 
59 62 
60 51 
61 63 
53 65 
61 53 
61 62 
59 53 
59 58 
58 66 
66 62 
66 60 
67 65 
62 52 
57 58 
55 51 
68 56 
52 67 
51 63 
57 67 
51 60 
57 68 
66 56 
68 53 
51 55 
62 63 
53 69 
52 54 
60 52 
52 69 
54 63 
65 57 
60 63 
55 69 
53 62 
67 63 
51 52 
61 54 
66 52 
52 61 
69 53 
51 69 
62 68 
65 61 
57 59 
66 68 
68 57 
55 60 
63 61 
52 55 
63 52 
56 58 
51 58 
69 65 
54 57 
60 61 
58 63 
56 65 
62 54 
65 59 
52 52 
54 65 
64 63 
59 66 
58 55 
66 51 
53 66 
60 55 
58 69 
57 66 
57 62 
64 66 
56 64 
65 53 
56 52 
62 57 
52 59 
58 58 
51 64 
69 64 
56 59 
58 61 
51 65 
61 51 
57 53 
51 51 
57 51 
57 57 
58 52 
53 56 
62 62 
53 55 
69 54 
68 64 
58 68 
53 57 
54 54 
58 54 
55 53 
58 62 
58 59 
69 59 
59 69 
64 67 
65 60 
66 69 
68 59 
65 54 
63 66 
61 66 
60 58 
59 54 
67 59 
58 53 
66 65 
66 59 
65 62 
63 56 
51 53 
67 66 
55 62 
59 51 
63 53 
59 63 
63 54 
61 67 
68 52 
55 61 
61 57 
63 63 
61 60 
69 69 
56 62 
53 59 
58 65 
55 66 
52 56 
53 60 
60 60 
62 51 
56 66 
55 68 
63 65 
66 66 
51 56 
56 69 
53 64 
53 68 
60 56 
68 54 
68 61 
64 56 
65 68 
67 51 
67 58 
55 56 
60 68 
67 52 
66 63 
51 68 
63 64 
55 55 
67 54 
55 63 
66 54 
63 51 
51 61 
51 59 
54 69 
62 69 
64 68 
64 54 
69 61 
62 65 
68 69 
65 51 
54 51 
61 64 
53 51 
67 67 
64 59 
