16 1 
17 7 
30 21 
8 42 
2 9 
42 27 
41 30 
27 4 
38 49 
48 30 
29 5 
26 1 
10 48 
35 39 
3 25 
40 13 
33 25 
31 27 
32 11 
36 25 
30 45 
0 35 
7 7 
49 45 
34 30 
10 24 
33 40 
36 5 
20 6 
49 5 
19 6 
39 44 
34 24 
32 10 
34 43 
16 34 
20 37 
16 42 
41 10 
35 22 
35 1 
8 44 
48 10 
45 5 
17 2 
31 2 
20 8 
40 42 
35 49 
1 5 
6 8 
41 25 
14 34 
48 39 
9 27 
1 41 
2 27 
35 11 
44 44 
47 6 
25 34 
1 14 
45 45 
4 1 
41 36 
39 10 
36 15 
32 14 
13 35 
14 42 
38 36 
25 8 
24 0 
31 48 
34 22 
8 32 
36 31 
7 33 
45 17 
40 45 
43 44 
7 31 
8 24 
10 46 
18 8 
7 37 
18 40 
36 32 
4 5 
31 3 
18 41 
30 12 
7 4 
14 10 
28 10 
33 7 
13 37 
40 6 
3 29 
9 29 
13 0 
5 26 
10 11 
26 10 
14 45 
2 38 
48 28 
44 23 
44 25 
3 26 
25 35 
3 22 
44 10 
36 40 
42 43 
35 48 
16 31 
26 35 
40 14 
18 2 
15 34 
43 14 
0 33 
38 13 
48 35 
3 36 
34 8 
44 3 
33 28 
45 19 
42 21 
14 5 
45 37 
37 42 
10 34 
31 18 
41 8 
31 8 
41 16 
41 7 
21 40 
45 0 
9 43 
30 14 
47 14 
10 17 
28 39 
25 2 
34 12 
16 47 
36 6 
16 10 
0 11 
6 13 
24 42 
10 14 
49 26 
2 49 
28 31 
1 44 
30 1 
5 12 
42 23 
8 15 
3 16 
7 28 
1 19 
34 10 
4 8 
46 7 
36 4 
10 32 
17 4 
10 19 
23 38 
10 8 
47 38 
11 6 
48 0 
0 0 
41 27 
5 24 
15 5 
43 43 
21 10 
48 40 
34 48 
1 21 
8 2 
8 47 
13 44 
32 9 
1 34 
15 9 
1 15 
34 46 
22 31 
25 31 
33 20 
24 37 
35 17 
29 1 
36 44 
0 49 
38 16 
32 25 
36 8 
10 45 
26 49 
46 42 
18 30 
15 32 
33 32 
0 21 
42 7 
13 42 
33 41 
28 6 
34 16 
36 34 
46 27 
39 28 
47 25 
20 2 
29 49 
36 0 
12 48 
29 35 
16 44 
8 30 
33 21 
15 48 
5 28 
24 39 
29 39 
40 41 
7 44 
30 31 
39 18 
5 25 
5 22 
34 41 
24 2 
5 20 
39 29 
48 38 
4 3 
45 35 
38 30 
9 8 
4 28 
22 36 
47 26 
28 46 
41 49 
11 32 
19 41 
43 1 
3 19 
0 15 
17 1 
43 3 
30 3 
1 2 
10 1 
23 32 
9 2 
9 11 
7 22 
33 47 
38 20 
15 39 
14 43 
2 33 
10 40 
40 10 
26 32 
7 48 
1 46 
43 22 
18 39 
26 45 
35 16 
41 14 
43 45 
36 41 
12 8 
49 43 
15 2 
40 30 
23 40 
29 6 
39 46 
40 49 
45 41 
45 43 
8 16 
0 8 
29 40 
30 16 
26 48 
8 27 
39 4 
5 14 
24 6 
21 6 
1 4 
0 26 
29 48 
25 49 
49 20 
41 23 
48 16 
32 19 
49 42 
14 2 
46 16 
18 33 
17 9 
19 9 
49 41 
2 26 
43 19 
41 42 
13 38 
