16 19 
18 20 
17 25 
15 23 
17 26 
17 23 
16 23 
27 13 
27 19 
14 27 
22 14 
24 12 
23 12 
16 21 
16 17 
15 16 
20 11 
26 22 
16 16 
26 25 
29 23 
29 29 
14 24 
14 23 
16 13 
23 29 
29 20 
26 21 
22 21 
22 28 
17 16 
19 23 
24 11 
28 19 
29 27 
13 29 
22 15 
13 25 
16 18 
17 11 
18 15 
13 17 
21 27 
29 17 
11 22 
19 15 
19 18 
17 14 
11 28 
12 19 
25 12 
28 13 
22 19 
29 19 
18 14 
11 24 
29 12 
27 17 
26 29 
14 18 
15 20 
29 26 
14 13 
11 15 
15 14 
25 28 
17 28 
19 26 
26 18 
14 19 
24 29 
25 17 
12 29 
20 18 
12 26 
28 11 
21 20 
23 24 
27 25 
11 14 
15 26 
26 14 
16 20 
28 15 
19 19 
16 12 
23 15 
17 27 
16 29 
11 26 
26 16 
12 21 
18 24 
22 27 
27 15 
17 21 
16 14 
13 21 
12 24 
24 20 
23 26 
28 12 
18 29 
28 23 
15 18 
19 11 
16 28 
20 21 
19 20 
14 26 
28 28 
23 20 
13 14 
23 17 
23 18 
18 19 
21 16 
25 24 
21 11 
12 22 
23 14 
23 11 
23 27 
12 16 
27 28 
28 27 
17 13 
15 27 
12 28 
12 15 
22 16 
26 17 
18 17 
27 29 
13 11 
16 27 
27 23 
11 18 
28 21 
15 19 
24 25 
28 24 
11 11 
23 25 
25 18 
15 29 
28 14 
12 18 
25 25 
13 18 
22 17 
13 15 
25 13 
20 28 
26 19 
16 26 
21 26 
23 16 
13 23 
14 17 
20 13 
17 12 
24 13 
24 26 
15 25 
12 23 
22 26 
20 19 
18 22 
19 12 
26 11 
24 17 
21 22 
13 22 
19 24 
22 11 
13 28 
25 19 
19 14 
27 24 
19 17 
15 22 
29 25 
27 16 
28 20 
21 28 
25 11 
13 13 
28 22 
21 14 
29 18 
18 23 
14 21 
26 28 
28 25 
12 13 
16 22 
19 21 
19 22 
25 27 
18 28 
24 14 
26 24 
20 16 
26 12 
26 13 
15 13 
11 12 
22 13 
11 27 
25 23 
27 27 
20 26 
25 16 
24 18 
20 29 
28 16 
18 16 
27 12 
22 25 
29 22 
24 21 
18 25 
28 18 
19 13 
19 25 
24 22 
25 29 
29 11 
18 18 
24 24 
17 19 
20 12 
26 20 
11 20 
23 21 
12 20 
16 11 
21 12 
12 17 
14 11 
29 15 
26 26 
21 29 
20 23 
23 19 
14 28 
22 22 
26 27 
17 20 
22 29 
14 29 
24 19 
11 29 
28 29 
15 11 
12 27 
15 12 
20 24 
17 18 
24 28 
18 12 
13 26 
28 26 
25 26 
19 16 
16 24 
18 27 
18 11 
26 15 
12 11 
21 24 
14 12 
15 28 
21 17 
15 21 
16 25 
14 16 
15 24 
19 28 
20 22 
21 25 
26 23 
12 12 
24 15 
14 25 
21 15 
14 15 
23 28 
27 21 
20 15 
13 16 
20 20 
25 22 
29 13 
24 27 
11 19 
29 28 
21 13 
12 25 
13 27 
18 26 
18 13 
17 15 
20 27 
20 25 
17 17 
25 20 
11 25 
16 15 
22 20 
27 11 
11 16 
24 16 
29 14 
11 17 
20 14 
13 12 
18 21 
23 22 
13 24 
22 23 
15 17 
27 18 
27 26 
